
We have these Edge data center locations (with latencies between them expressed in milliseconds (ms)):
              Copenhagen  Aarhus  Odense  Helsinki  Espoo  Tampere  Vantaa  Oulu  Rovaniemi  Turku  Stockholm  Gothenburg  Malmö  Uppsala  Västerås  Örebro  Linköping  Jönköping  Umeå  Östersund  Arjeplog  Luleå  Kiruna  Oslo  Bergen  Stavanger  Trondheim  Drammen  Fredrikstad  Kristiansand  Tromsø  Tønsberg  Hamar    Mo  Bodø  Harstad  Narvik  Alta  Kirkenes  Longyearbyen
Copenhagen           0.0     3.7     3.3      20.7   20.4     21.4    20.9  29.3       32.5   18.2       12.2         5.4    0.7     13.0      11.6    10.1        8.3        5.9  23.4       19.7      27.8   28.5    33.0  11.3    15.8       12.9       20.4     11.1          9.5           9.1    37.1       9.8   13.5  27.7  30.3     34.5    33.7  39.2      41.7          58.7
Aarhus               3.7     0.0     2.0      22.7   22.4     22.9    22.9  30.0       33.0   19.9       13.7         4.7    4.3     14.0      12.5    10.7        9.6        7.0  23.8       19.2      27.4   28.7    32.7   9.8    12.9        9.6       18.9      9.3          8.0           6.0    36.5       8.1   12.1  26.9  29.4     33.7    33.1  38.9      42.0          57.6
Odense               3.3     2.0     0.0      23.6   23.3     24.1    23.9  31.5       34.6   21.0       14.8         6.4    3.9     15.3      13.9    12.1       10.8        8.2  25.4       21.0      29.2   30.4    34.5  11.7    14.7       11.4       20.9     11.3         10.0           7.9    38.4      10.1   14.1  28.8  31.3     35.6    34.9  40.7      43.6          59.6
Helsinki            20.7    22.7    23.6       0.0    0.4      3.8     0.4  12.6       16.5    3.5        9.3        18.5   20.3      9.5      11.0    13.0       13.2       15.7  11.1       14.9      17.4   14.5    20.7  18.4    25.2       25.4       19.7     19.2         18.5          23.1    25.5      19.2   17.8  20.3  22.1     24.3    23.1  25.6      25.5          47.6
Espoo               20.4    22.4    23.3       0.4    0.0      3.5     0.5  12.5       16.4    3.1        8.9        18.2   20.0      9.2      10.7    12.6       12.9       15.4  10.8       14.6      17.1   14.3    20.5  18.0    24.8       25.0       19.4     18.8         18.2          22.8    25.3      18.8   17.4  20.0  21.8     24.1    22.9  25.4      25.5          47.5
Tampere             21.4    22.9    24.1       3.8    3.5      0.0     3.5   9.3       13.2    3.3        9.3        18.4   21.2      8.9      10.5    12.4       13.3       15.9   7.4       11.9      13.6   10.8    17.0  17.1    23.4       24.1       16.8     17.9         17.5          22.3    21.8      18.1   16.1  16.7  18.3     20.5    19.3  22.0      22.4          44.0
Vantaa              20.9    22.9    23.9       0.4    0.5      3.5     0.0  12.3       16.2    3.6        9.5        18.7   20.6      9.7      11.2    13.1       13.4       15.9  10.9       14.8      17.2   14.2    20.4  18.5    25.3       25.5       19.7     19.3         18.7          23.3    25.2      19.3   17.9  20.1  21.8     24.0    22.8  25.2      25.1          47.3
Oulu                29.3    30.0    31.5      12.6   12.5      9.3    12.3   0.0        3.9   12.5       17.3        25.3   29.2     16.4      17.7    19.4       21.0       23.4   6.6       13.2       8.6    3.9     9.2  22.0    26.7       28.6       17.5     22.9         23.1          27.9    13.7      23.5   20.2  12.6  13.0     13.4    12.1  13.1      13.1          35.2
Rovaniemi           32.5    33.0    34.6      16.5   16.4     13.2    16.2   3.9        0.0   16.2       20.7        28.2   32.4     19.7      20.9    22.5       24.3       26.6   9.2       15.0       8.3    4.5     6.6  24.4    28.4       30.6       18.6     25.2         25.7          30.3    10.5      26.0   22.4  12.1  11.7     10.9     9.7   9.3       9.4          31.4
Turku               18.2    19.9    21.0       3.5    3.1      3.3     3.6  12.5       16.2    0.0        6.2        15.5   17.9      6.2       7.8     9.7       10.3       12.9   9.1       11.7      15.4   13.4    19.4  14.9    21.7       22.0       16.4     15.7         15.1          19.8    24.2      15.8   14.3  17.9  19.9     22.6    21.5  24.8      25.5          46.6
Stockholm           12.2    13.7    14.8       9.3    8.9      9.3     9.5  17.3       20.7    6.2        0.0         9.3   12.0      1.5       2.1     3.8        4.1        6.7  12.0       10.9      17.5   17.0    22.3   9.7    16.9       16.5       14.3     10.4          9.5          13.9    26.9      10.2    9.9  18.8  21.1     24.7    23.7  28.3      30.1          49.2
Gothenburg           5.4     4.7     6.4      18.5   18.2     18.4    18.7  25.3       28.2   15.5        9.3         0.0    5.7      9.5       7.9     6.0        5.3        3.0  19.1       14.6      22.9   24.0    28.1   6.0    11.3        9.1       15.0      5.8          4.2           5.6    32.0       4.6    8.1  22.5  25.1     29.3    28.6  34.3      37.2          53.5
Malmö                0.7     4.3     3.9      20.3   20.0     21.2    20.6  29.2       32.4   17.9       12.0         5.7    0.0     12.8      11.5    10.0        8.2        5.9  23.4       19.8      27.9   28.4    33.0  11.6    16.3       13.4       20.6     11.4          9.8           9.7    37.2      10.2   13.8  27.9  30.4     34.6    33.8  39.2      41.7          58.9
Uppsala             13.0    14.0    15.3       9.5    9.2      8.9     9.7  16.4       19.7    6.2        1.5         9.5   12.8      0.0       1.6     3.5        4.6        7.2  10.8        9.4      16.1   15.8    21.0   9.0    16.0       15.9       12.9      9.7          9.0          13.7    25.5       9.7    8.8  17.3  19.7     23.3    22.3  27.0      29.0          47.8
Västerås            11.6    12.5    13.9      11.0   10.7     10.5    11.2  17.7       20.9    7.8        2.1         7.9   11.5      1.6       0.0     2.0        3.4        5.7  11.9        9.6      16.8   16.9    21.9   7.6    14.7       14.4       12.5      8.3          7.5          12.1    26.3       8.2    7.7  17.7  20.1     23.9    23.0  27.9      30.2          48.4
Örebro              10.1    10.7    12.1      13.0   12.6     12.4    13.1  19.4       22.5    9.7        3.8         6.0   10.0      3.5       2.0     0.0        2.3        4.1  13.4       10.2      17.9   18.4    23.1   6.1    13.2       12.7       12.4      6.7          5.7          10.2    27.3       6.4    6.7  18.4  20.8     24.8    24.0  29.2      31.7          49.3
Linköping            8.3     9.6    10.8      13.2   12.9     13.3    13.4  21.0       24.3   10.3        4.1         5.3    8.2      4.6       3.4     2.3        0.0        2.6  15.2       12.5      20.1   20.3    25.1   7.6    14.6       13.4       14.6      8.0          6.7          10.4    29.5       7.4    8.6  20.6  23.1     27.0    26.2  31.2      33.5          51.6
Jönköping            5.9     7.0     8.2      15.7   15.4     15.9    15.9  23.4       26.6   12.9        6.7         3.0    5.9      7.2       5.7     4.1        2.6        0.0  17.5       14.1      22.0   22.5    27.2   7.2    13.6       11.9       15.5      7.4          5.8           8.6    31.3       6.4    8.8  22.2  24.7     28.8    28.0  33.3      35.8          53.2
Umeå                23.4    23.8    25.4      11.1   10.8      7.4    10.9   6.6        9.2    9.1       12.0        19.1   23.4     10.8      11.9    13.4       15.2       17.5   0.0        6.7       6.4    5.0    10.5  15.5    20.2       22.0       11.4     16.3         16.6          21.3    15.2      17.0   13.6   9.3  11.0     13.5    12.4  16.3      18.3          37.6
Östersund           19.7    19.2    21.0      14.9   14.6     11.9    14.8  13.2       15.0   11.7       10.9        14.6   19.8      9.4       9.6    10.2       12.5       14.1   6.7        0.0       8.3   10.5    13.6   9.8    13.5       15.6        5.0     10.5         11.3          15.6    17.4      11.5    7.6   8.2  10.7     14.8    14.0  19.8      23.3          39.2
Arjeplog            27.8    27.4    29.2      17.4   17.1     13.6    17.2   8.6        8.3   15.4       17.5        22.9   27.9     16.1      16.8    17.9       20.1       22.0   6.4        8.3       0.0    4.7     5.3  18.0    20.8       23.4       10.7     18.7         19.6          23.8     9.4      19.8   15.8   4.0   4.8      7.3     6.2  11.5      15.2          31.7
Luleå               28.5    28.7    30.4      14.5   14.3     10.8    14.2   3.9        4.5   13.4       17.0        24.0   28.4     15.8      16.9    18.4       20.3       22.5   5.0       10.5       4.7    0.0     6.2  20.0    23.9       26.2       14.3     20.8         21.3          25.9    11.0      21.6   18.0   8.7   9.2     10.1     8.8  11.5      13.3          33.3
Kiruna              33.0    32.7    34.5      20.7   20.5     17.0    20.4   9.2        6.6   19.4       22.3        28.1   33.0     21.0      21.9    23.1       25.1       27.2  10.5       13.6       5.3    6.2     0.0  23.3    25.6       28.5       15.6     24.0         24.9          29.0     4.8      25.0   21.0   7.4   6.0      4.3     3.1   6.2      10.4          27.2
Oslo                11.3     9.8    11.7      18.4   18.0     17.1    18.5  22.0       24.4   14.9        9.7         6.0   11.6      9.0       7.6     6.1        7.6        7.2  15.5        9.8      18.0   20.0    23.3   0.0     7.1        7.1        9.2      0.8          1.8           5.9    26.9       1.7    2.3  17.1  19.6     24.0    23.4  29.4      33.0          47.8
Bergen              15.8    12.9    14.7      25.2   24.8     23.4    25.3  26.7       28.4   21.7       16.9        11.3   16.3     16.0      14.7    13.2       14.6       13.6  20.2       13.5      20.8   23.9    25.6   7.1     0.0        3.7       10.1      6.6          7.9           6.8    28.2       7.3    7.4  18.5  20.7     25.1    24.9  31.5      36.0          47.2
Stavanger           12.9     9.6    11.4      25.4   25.0     24.1    25.5  28.6       30.6   22.0       16.5         9.1   13.4     15.9      14.4    12.7       13.4       11.9  22.0       15.6      23.4   26.2    28.5   7.1     3.7        0.0       13.0      6.3          7.0           3.7    31.4       6.3    8.4  21.5  23.9     28.3    28.0  34.4      38.6          50.8
Trondheim           20.4    18.9    20.9      19.7   19.4     16.8    19.7  17.5       18.6   16.4       14.3        15.0   20.6     12.9      12.5    12.4       14.6       15.5  11.4        5.0      10.7   14.3    15.6   9.2    10.1       13.0        0.0      9.6         11.0          14.1    18.4      10.8    6.9   8.6  10.9     15.4    15.0  21.5      25.9          38.7
Drammen             11.1     9.3    11.3      19.2   18.8     17.9    19.3  22.9       25.2   15.7       10.4         5.8   11.4      9.7       8.3     6.7        8.0        7.4  16.3       10.5      18.7   20.8    24.0   0.8     6.6        6.3        9.6      0.0          1.7           5.1    27.5       1.3    3.0  17.7  20.2     24.6    24.0  30.1      33.7          48.3
Fredrikstad          9.5     8.0    10.0      18.5   18.2     17.5    18.7  23.1       25.7   15.1        9.5         4.2    9.8      9.0       7.5     5.7        6.7        5.8  16.6       11.3      19.6   21.3    24.9   1.8     7.9        7.0       11.0      1.7          0.0           4.8    28.5       0.7    4.1  18.8  21.4     25.7    25.1  31.0      34.4          49.6
Kristiansand         9.1     6.0     7.9      23.1   22.8     22.3    23.3  27.9       30.3   19.8       13.9         5.6    9.7     13.7      12.1    10.2       10.4        8.6  21.3       15.6      23.8   25.9    29.0   5.9     6.8        3.7       14.1      5.1          4.8           0.0    32.3       4.4    8.0  22.5  24.9     29.4    28.9  35.1      38.8          52.7
Tromsø              37.1    36.5    38.4      25.5   25.3     21.8    25.2  13.7       10.5   24.2       26.9        32.0   37.2     25.5      26.3    27.3       29.5       31.3  15.2       17.4       9.4   11.0     4.8  26.9    28.2       31.4       18.4     27.5         28.5          32.3     0.0      28.6   24.5   9.9   7.5      3.1     3.5   4.0      10.0          22.4
Tønsberg             9.8     8.1    10.1      19.2   18.8     18.1    19.3  23.5       26.0   15.8       10.2         4.6   10.2      9.7       8.2     6.4        7.4        6.4  17.0       11.5      19.8   21.6    25.0   1.7     7.3        6.3       10.8      1.3          0.7           4.4    28.6       0.0    4.1  18.9  21.4     25.7    25.1  31.2      34.7          49.5
Hamar               13.5    12.1    14.1      17.8   17.4     16.1    17.9  20.2       22.4   14.3        9.9         8.1   13.8      8.8       7.7     6.7        8.6        8.8  13.6        7.6      15.8   18.0    21.0   2.3     7.4        8.4        6.9      3.0          4.1           8.0    24.5       4.1    0.0  14.8  17.3     21.7    21.1  27.2      30.8          45.5
Mo                  27.7    26.9    28.8      20.3   20.0     16.7    20.1  12.6       12.1   17.9       18.8        22.5   27.9     17.3      17.7    18.4       20.6       22.2   9.3        8.2       4.0    8.7     7.4  17.1    18.5       21.5        8.6     17.7         18.8          22.5     9.9      18.9   14.8   0.0   2.5      6.9     6.4  13.0      17.8          31.0
Bodø                30.3    29.4    31.3      22.1   21.8     18.3    21.8  13.0       11.7   19.9       21.1        25.1   30.4     19.7      20.1    20.8       23.1       24.7  11.0       10.7       4.8    9.2     6.0  19.6    20.7       23.9       10.9     20.2         21.4          24.9     7.5      21.4   17.3   2.5   0.0      4.5     4.2  10.9      16.2          28.5
Harstad             34.5    33.7    35.6      24.3   24.1     20.5    24.0  13.4       10.9   22.6       24.7        29.3   34.6     23.3      23.9    24.8       27.0       28.8  13.5       14.8       7.3   10.1     4.3  24.0    25.1       28.3       15.4     24.6         25.7          29.4     3.1      25.7   21.7   6.9   4.5      0.0     1.3   6.9      12.6          24.5
Narvik              33.7    33.1    34.9      23.1   22.9     19.3    22.8  12.1        9.7   21.5       23.7        28.6   33.8     22.3      23.0    24.0       26.2       28.0  12.4       14.0       6.2    8.8     3.1  23.4    24.9       28.0       15.0     24.0         25.1          28.9     3.5      25.1   21.1   6.4   4.2      1.3     0.0   6.7      12.2          25.5
Alta                39.2    38.9    40.7      25.6   25.4     22.0    25.2  13.1        9.3   24.8       28.3        34.3   39.2     27.0      27.9    29.2       31.2       33.3  16.3       19.8      11.5   11.5     6.2  29.4    31.5       34.4       21.5     30.1         31.0          35.1     4.0      31.2   27.2  13.0  10.9      6.9     6.7   0.0       6.1          22.1
Kirkenes            41.7    42.0    43.6      25.5   25.5     22.4    25.1  13.1        9.4   25.5       30.1        37.2   41.7     29.0      30.2    31.7       33.5       35.8  18.3       23.3      15.2   13.3    10.4  33.0    36.0       38.6       25.9     33.7         34.4          38.8    10.0      34.7   30.8  17.8  16.2     12.6    12.2   6.1       0.0          24.3
Longyearbyen        58.7    57.6    59.6      47.6   47.5     44.0    47.3  35.2       31.4   46.6       49.2        53.5   58.9     47.8      48.4    49.3       51.6       53.2  37.6       39.2      31.7   33.3    27.2  47.8    47.2       50.8       38.7     48.3         49.6          52.7    22.4      49.5   45.5  31.0  28.5     24.5    25.5  22.1      24.3           0.0

The hubs within a country are all connected with fiber networks of new advanced types with bandwidth between 20 and 60 Tbs/s. The hubs from different countries are connected with bandwidth between 5 Tbs/s up to 40 Tbs/s. The hubs are:

Tromsø, Harstad, Bodø, Trondheim, Oslo, Bergen, Stavanger, Oulu, Helsinki, Stockholm, Malmö, Gothenburg, Luleå, Copenhagen, Odense

The rest of the cities are connected to the nearest hubs with older technology fiber cables with bandwidth between 20Gbs/s up to 2Tbs/s. The distances between the cities are given by this matrix:

              Copenhagen   Aarhus   Odense  Helsinki    Espoo  Tampere   Vantaa     Oulu  Rovaniemi    Turku  Stockholm  Gothenburg    Malmö  Uppsala  Västerås   Örebro  Linköping  Jönköping     Umeå  Östersund  Arjeplog    Luleå   Kiruna     Oslo   Bergen  Stavanger  Trondheim  Drammen  Fredrikstad  Kristiansand   Tromsø  Tønsberg    Hamar       Mo     Bodø  Harstad   Narvik     Alta  Kirkenes  Longyearbyen
Copenhagen          0.00   156.94   139.59    882.68   871.20   915.26   894.49  1252.25    1390.07   777.95     522.13      228.92    28.45   553.48    497.12   430.24     355.69     253.34  1001.85     842.35   1188.04  1216.40  1410.41   483.31   675.13     549.48     870.77   473.53       405.83        390.38  1585.58    419.67   575.85  1185.69  1293.88  1472.85  1440.43  1673.81   1783.76       2509.85
Aarhus            156.94     0.00    85.32    969.21   956.26   978.27   979.59  1282.66    1408.64   848.89     584.00      202.69   185.30   599.93    535.66   456.13     410.24     299.54  1016.68     818.43   1172.44  1226.68  1397.29   418.34   549.70     410.25     808.19   398.19       342.43        257.64  1560.06    345.43   517.44  1147.56  1255.16  1440.43  1412.82  1661.90   1793.11       2461.61
Odense            139.59    85.32     0.00   1008.17   995.98  1028.90  1019.35  1347.04    1477.17   895.42     633.19      273.81   165.33   655.73    593.94   518.04     460.39     350.21  1085.64     896.90   1249.86  1297.46  1474.44   501.93   630.20     485.88     892.53   482.74       425.30        338.36  1639.96    429.62   600.68  1229.27  1337.07  1521.48  1492.99  1739.03   1864.84       2545.30
Helsinki          882.68   969.21  1008.17      0.00    15.96   160.40    15.01   539.15     705.45   150.29     395.65      790.72   866.88   406.76    471.84   553.51     563.31     671.41   473.85     637.11    742.92   618.29   884.33   786.55  1077.48    1085.75     843.20   819.73       791.43        988.54  1089.94    819.04   761.52   868.54   942.71  1038.15   986.48  1092.33   1088.73       2034.79
Espoo             871.20   956.26   995.98     15.96     0.00   151.34    23.37   536.06     702.37   134.33     381.28      776.83   855.71   391.47    456.74   538.61     549.68     658.12   463.00     622.28    732.76   611.31   877.05   770.87  1061.58    1070.22     827.95   804.09       776.12        973.59  1082.81    803.66   745.59   856.69   931.84  1029.39   977.93  1087.51   1087.68       2029.20
Tampere           915.26   978.27  1028.90    160.40   151.34     0.00   150.14   399.51     564.43   142.44     395.71      785.22   903.85   381.04    447.83   531.48     569.07     679.95   315.05     507.45    582.80   461.41   726.55   729.39  1001.27    1031.81     719.58   764.63       749.68        955.08   932.41    774.34   685.91   711.93   783.46   878.07   826.59   942.08    957.78       1881.34
Vantaa            894.49   979.59  1019.35     15.01    23.37   150.14     0.00   525.06     691.34   153.45     404.07      799.87   878.94   413.16    478.73   560.87     572.84     681.38   464.66     633.77    732.94   605.98   872.15   791.44  1080.89    1091.28     840.96   824.85       797.69        995.74  1077.66    825.08   764.61   860.27   933.37  1026.96   975.16  1078.85   1074.06       2021.62
Oulu             1252.25  1282.66  1347.04    539.15   536.06   399.51   525.06     0.00     166.32   532.45     738.33     1080.20  1246.21   699.31    755.69   829.01     896.65    1001.30   282.34     563.29    367.41   166.47   392.47   941.51  1141.77    1222.17     747.71   976.76       989.15       1192.03   585.56   1005.73   864.02   537.81   556.60   572.31   518.73   558.93    559.34       1503.95
Rovaniemi        1390.07  1408.64  1477.17    705.45   702.37   564.43   691.34   166.32       0.00   694.32     885.57     1206.11  1385.99   841.53    893.40   961.61    1036.34    1137.15   391.97     640.20    354.20   191.00   280.82  1044.02  1212.27    1308.74     795.58  1078.02      1099.07       1295.93   448.29   1112.49   958.51   515.36   500.95   464.07   413.50   398.31    400.34       1342.13
Turku             777.95   848.89   895.42    150.29   134.33   142.44   153.45   532.45     694.32     0.00     265.29      661.45   765.43   264.38    331.20   414.68     438.71     549.38   389.30     502.05    659.73   570.79   829.10   638.61   927.50     939.19     702.26   672.29       647.25        847.78  1034.09    674.12   611.34   765.83   849.86   966.38   917.23  1059.25   1091.77       1990.13
Stockholm         522.13   584.00   633.19    395.65   381.28   395.71   404.07   738.33     885.57   265.29       0.00      396.89   512.76    63.63     91.55   162.18     173.83     284.75   513.22     465.63    747.53   726.24   953.94   416.30   720.21     703.52     611.58   445.46       405.58        595.32  1148.32    434.76   421.05   801.34   902.48  1055.47  1013.37  1207.66   1284.92       2102.77
Gothenburg        228.92   202.69   273.81    790.72   776.83   785.22   799.87  1080.20    1206.11   661.45     396.89        0.00   242.26   404.37    338.32   256.39     228.25     129.71   814.19     625.40    976.99  1024.79  1201.32   255.08   483.04     390.12     641.99   248.26       178.46        239.89  1369.51    195.77   346.95   963.23  1071.39  1253.27  1223.10  1465.83   1591.75       2285.11
Malmö              28.45   185.30   165.33    866.88   855.71   903.85   878.94  1246.21    1385.99   765.43     512.76      242.26     0.00   546.91    492.60   428.96     349.89     252.04   999.18     847.21   1190.49  1214.10  1412.05   497.33   697.79     574.62     882.33   489.30       420.47        415.12  1589.27    435.82   588.04  1192.20  1300.31  1477.90  1444.66  1674.93   1780.93       2517.04
Uppsala           553.48   599.93   655.73    406.76   391.47   381.04   413.16   699.31     841.53   264.38      63.63      404.37   546.91     0.00     67.26   151.22     197.88     305.77   462.03     402.01    688.73   676.62   898.03   384.07   683.75     679.90     550.83   415.79       384.68        583.48  1090.44    412.40   376.26   738.66   840.36   995.45   954.10  1153.97   1239.28       2043.33
Västerås          497.12   535.66   593.94    471.84   456.74   447.83   478.73   755.69     893.40   331.20      91.55      338.32   492.60    67.26      0.00    83.96     143.43     245.69   507.87     409.65    719.46   723.09   934.21   326.02   629.17     617.39     535.06   356.12       320.57        517.14  1122.04    348.95   329.98   755.02   859.40  1021.74   982.61  1193.39   1288.86       2069.97
Örebro            430.24   456.13   518.04    553.51   538.61   531.48   560.87   829.01     961.61   414.68     162.18      256.39   428.96   151.22     83.96     0.00      98.95     177.07   571.94     435.19    765.57   786.23   985.05   260.86   565.87     541.62     528.30   287.29       243.60        435.06  1166.90    273.01   285.52   784.40   891.02  1060.85  1024.49  1247.01   1353.76       2106.96
Linköping         355.69   410.24   460.39    563.31   549.68   569.07   572.84   896.65    1036.34   438.71     173.83      228.25   349.89   197.88    143.43    98.95       0.00     110.95   651.28     532.90    857.53   866.49  1074.69   323.86   622.36     574.22     625.09   343.06       284.58        446.57  1259.74    314.66   368.51   881.91   988.14  1155.93  1118.52  1335.03   1432.23       2203.04
Jönköping         253.34   299.54   350.21    671.41   658.12   679.95   681.38  1001.30    1137.15   549.38     284.75      129.71   252.04   305.77    245.69   177.07     110.95       0.00   748.51     600.77    939.67   963.07  1160.52   307.43   581.47     508.17     660.55   315.40       246.23        365.50  1339.67    273.20   378.09   948.64  1056.30  1230.60  1195.95  1423.10   1530.42       2273.67
Umeå             1001.85  1016.68  1085.64    473.85   463.00   315.05   464.66   282.34     391.97   389.30     513.22      814.19   999.18   462.03    507.87   571.94     651.28     748.51     0.00     288.18    271.58   215.22   448.12   660.51   863.17     939.93     488.88   695.50       710.98        911.79   650.08    726.22   581.71   398.16   468.87   577.15   528.40   695.37    781.91       1608.45
Östersund         842.35   818.43   896.90    637.11   622.28   507.45   633.77   563.29     640.20   502.05     465.63      625.40   847.21   402.01    409.65   435.19     532.90     600.77   288.18       0.00    354.88   449.22   579.78   417.16   578.69     668.54     213.63   448.47       482.95        665.59   744.26    490.09   324.01   349.22   456.16   630.69   598.33   844.16    993.88       1673.15
Arjeplog         1188.04  1172.44  1249.86    742.92   732.76   582.80   732.94   367.41     354.20   659.73     747.53      976.99  1190.49   688.73    719.46   765.57     857.53     939.67   271.58     354.88      0.00   201.17   224.95   770.67   887.10    1001.10     459.14   800.80       837.76       1015.88   402.58    844.20   675.01   170.60   205.33   310.79   266.15   489.50    650.76       1355.38
Luleå            1216.40  1226.68  1297.46    618.29   611.31   461.41   605.98   166.47     191.00   570.79     726.24     1024.79  1214.10   676.62    723.09   786.23     866.49     963.07   215.22     449.22    201.17     0.00   266.34   854.63  1022.64    1117.75     610.46   888.33       911.36       1106.41   471.68    923.89   768.03   371.74   392.37   431.19   377.71   489.73    567.77       1421.16
Kiruna           1410.41  1397.29  1474.44    884.33   877.05   726.55   872.15   392.47     280.82   829.10     953.94     1201.32  1412.05   898.03    934.21   985.05    1074.69    1160.52   448.12     579.78    224.95   266.34     0.00   994.89  1095.20    1216.93     665.86  1024.56      1062.56       1238.57   205.90   1068.63   898.55   314.13   255.01   184.00   132.69   264.62    445.78       1161.54
Oslo              483.31   418.34   501.93    786.55   770.87   729.39   791.44   941.51    1044.02   638.61     416.30      255.08   497.33   384.07    326.02   260.86     323.86     307.43   660.51     417.16    770.67   854.63   994.89     0.00   305.07     302.48     391.48    35.97        78.02        251.93  1147.83     74.45    99.44   731.39   838.43  1025.37  1000.13  1258.35   1409.87       2043.39
Bergen            675.13   549.70   630.20   1077.48  1061.58  1001.27  1080.89  1141.77    1212.27   927.50     720.21      483.04   697.79   683.75    629.17   565.87     622.36     581.47   863.17     578.69    887.10  1022.64  1095.20   305.07     0.00     159.83     429.56   280.22       339.53        292.13  1206.19    310.34   316.74   790.25   884.07  1073.45  1062.88  1344.21   1536.40       2016.38
Stavanger         549.48   410.25   485.88   1085.75  1070.22  1031.81  1091.28  1222.17    1308.74   939.19     703.52      390.12   574.62   679.90    617.39   541.62     574.22     508.17   939.93     668.54   1001.10  1117.75  1216.93   302.48   159.83       0.00     555.08   267.60       298.02        159.93  1341.21    268.78   360.07   920.94  1019.61  1210.21  1195.66  1472.22   1651.66       2171.00
Trondheim         870.77   808.19   892.53    843.20   827.95   719.58   840.96   747.71     795.58   702.26     611.58      641.99   882.33   550.83    535.06   528.30     625.09     660.55   488.88     213.63    459.14   610.46   665.86   391.48   429.56     555.08       0.00   410.05       469.27        601.68   786.91    462.90   295.18   365.94   466.49   657.19   640.79   917.73   1107.02       1654.34
Drammen           473.53   398.19   482.74    819.73   804.09   764.63   824.85   976.76    1078.02   672.29     445.46      248.26   489.30   415.79    356.12   287.29     343.06     315.40   695.50     448.47    800.80   888.33  1024.56    35.97   280.22     267.60     410.05     0.00        71.39        218.14  1174.61     54.20   126.13   756.57   863.04  1050.95  1026.87  1287.52   1441.99       2064.03
Fredrikstad       405.83   342.43   425.30    791.43   776.12   749.68   797.69   989.15    1099.07   647.25     405.58      178.46   420.47   384.68    320.57   243.60     284.58     246.23   710.98     482.95    837.76   911.36  1062.56    78.02   339.53     298.02     469.27    71.39         0.00        207.22  1219.76     30.21   175.46   805.40   912.86  1098.75  1072.24  1326.70   1471.42       2120.13
Kristiansand      390.38   257.64   338.36    988.54   973.59   955.08   995.74  1192.03    1295.93   847.78     595.32      239.89   415.12   583.48    517.14   435.06     446.57     365.50   911.79     665.59   1015.88  1106.41  1238.57   251.93   292.13     159.93     601.68   218.14       207.22          0.00  1381.94    186.89   341.65   961.15  1065.54  1255.38  1234.39  1500.28   1659.45       2250.04
Tromsø           1585.58  1560.06  1639.96   1089.94  1082.81   932.41  1077.66   585.56     448.29  1034.09    1148.32     1369.51  1589.27  1090.44   1122.04  1166.90    1259.74    1339.67   650.08     744.26    402.58   471.68   205.90  1147.83  1206.19    1341.21     786.91  1174.61      1219.76       1381.94     0.00   1222.27  1049.02   421.55   322.17   134.23   147.75   169.35    427.53        958.45
Tønsberg          419.67   345.43   429.62    819.04   803.66   774.34   825.08  1005.73    1112.49   674.12     434.76      195.77   435.82   412.40    348.95   273.01     314.66     273.20   726.22     490.09    844.20   923.89  1068.63    74.45   310.34     268.78     462.90    54.20        30.21        186.89  1222.27      0.00   173.70   805.73   912.68  1099.78  1074.58  1332.28   1481.52       2116.24
Hamar             575.85   517.44   600.68    761.52   745.59   685.91   764.61   864.02     958.51   611.34     421.05      346.95   588.04   376.26    329.98   285.52     368.51     378.09   581.71     324.01    675.01   768.03   898.55    99.44   316.74     360.07     295.18   126.13       175.46        341.65  1049.02    173.70     0.00   632.03   739.01   926.12   901.29  1161.40   1317.88       1944.68
Mo               1185.69  1147.56  1229.27    868.54   856.69   711.93   860.27   537.81     515.36   765.83     801.34      963.23  1192.20   738.66    755.02   784.40     881.91     948.64   398.16     349.22    170.60   371.74   314.13   731.39   790.25     920.94     365.94   756.57       805.40        961.15   421.55    805.73   632.03     0.00   108.21   294.53   274.90   554.01    759.80       1325.23
Bodø             1293.88  1255.16  1337.07    942.71   931.84   783.46   933.37   556.60     500.95   849.86     902.48     1071.39  1300.31   840.36    859.40   891.02     988.14    1056.30   468.87     456.16    205.33   392.37   255.01   838.43   884.07    1019.61     466.49   863.04       912.86       1065.54   322.17    912.68   739.01   108.21     0.00   190.74   180.58   466.68    690.45       1217.39
Harstad          1472.85  1440.43  1521.48   1038.15  1029.39   878.07  1026.96   572.31     464.07   966.38    1055.47     1253.27  1477.90   995.45   1021.74  1060.85    1155.93    1230.60   577.15     630.69    310.79   431.19   184.00  1025.37  1073.45    1210.21     657.19  1050.95      1098.75       1255.38   134.23   1099.78   926.12   294.53   190.74     0.00    53.78   293.67    540.43       1048.33
Narvik           1440.43  1412.82  1492.99    986.48   977.93   826.59   975.16   518.73     413.50   917.23    1013.37     1223.10  1444.66   954.10    982.61  1024.49    1118.52    1195.95   528.40     598.33    266.15   377.71   132.69  1000.13  1062.88    1195.66     640.79  1026.87      1072.24       1234.39   147.75   1074.58   901.29   274.90   180.58    53.78     0.00   286.52    519.96       1089.40
Alta             1673.81  1661.90  1739.03   1092.33  1087.51   942.08  1078.85   558.93     398.31  1059.25    1207.66     1465.83  1674.93  1153.97   1193.39  1247.01    1335.03    1423.10   695.37     844.16    489.50   489.73   264.62  1258.35  1344.21    1472.22     917.73  1287.52      1326.70       1500.28   169.35   1332.28  1161.40   554.01   466.68   293.67   286.52     0.00    260.74        945.01
Kirkenes         1783.76  1793.11  1864.84   1088.73  1087.68   957.78  1074.06   559.34     400.34  1091.77    1284.92     1591.75  1780.93  1239.28   1288.86  1353.76    1432.23    1530.42   781.91     993.88    650.76   567.77   445.78  1409.87  1536.40    1651.66    1107.02  1441.99      1471.42       1659.45   427.53   1481.52  1317.88   759.80   690.45   540.43   519.96   260.74      0.00       1036.37
Longyearbyen     2509.85  2461.61  2545.30   2034.79  2029.20  1881.34  2021.62  1503.95    1342.13  1990.13    2102.77     2285.11  2517.04  2043.33   2069.97  2106.96    2203.04    2273.67  1608.45    1673.15   1355.38  1421.16  1161.54  2043.39  2016.38    2171.00    1654.34  2064.03      2120.13       2250.04   958.45   2116.24  1944.68  1325.23  1217.39  1048.33  1089.40   945.01   1036.37          0.00

Create a plausible matrix with bandwidths between the cities in a CSV format and return it in the response with the column header being the name of the cities and the row headers being the name of the cities.
Where the row and column name is the same city, insert 0 as bandwidth.
In other words, in the same format as the latency input file, but with the calculated bandwidth numbers in the cells.
Do not add Tbit/s in the cells, only the number representing the Tbit/s bandwidth.
Only return the CSV formatted output, nothing else.
